70173    -95.184
70462    -0.014
70604    -0.21
70754    -0.418
70939    -0.002
71094    -0.604
71274    -0.016
71416    -0.436
71559    -0.346
71710    -0.656
71891    -0.006
72047    -0.58
72237    -0.01
72385    -0.35
72532    -0.698
72706    -0.006
72835    -0.326
73002    -0.66
73254    -0.006
73399    -0.366
73536    -0.974
73704    -1.798
73909    -0.928
74082    -0.014
74233    -1.58
74424    -0.016
74553    -0.89
74698    -1.622
74878    -0.012
75014    -0.858
75427    -1.92
75607    -0.016
75747    -0.808
75886    -0.97
76018    -0.798
76148    -0.77
76284    -0.886
76438    -1.638
76696    -0.032
76835    -0.882
76977    -1.16
77110    -1.396
77235    -1.386
77363    -1.608
77499    -1.626
77630    -1.614
77754    -1.336
77880    -1.556
78019    -1.654
78156    -1.61
78440    -3.24
78652    -0.026
78801    -2.756
79046    -1.354
79247    -0.026
79381    -1.364
79556    -1.53
79738    -1.324
79983    -1.384
80168    -1.462
80363    -1.972
80549    -1.964
80739    -4.444
80870    -0.034
81051    -1.974
81234    -1.734
81381    -1.736
81556    -1.806
81681    -1.98
81901    -4.526
82081    -0.04
82219    -2.206
82360    -1.95
82491    -1.938
82616    -1.92
82743    -1.842
82876    -1.89
83164    -3.954
83415    -0.07
83575    -2.13
83730    -2.632
83862    -2.824
83994    -3.132
84147    -5.91
84367    -0.104
84507    -2.91
84935    -5.62
85117    -0.04
85286    -4.774
85486    -2.496
85692    -0.04
85834    -2.386
85968    -2.618
86099    -2.682
86229    -2.552
86374    -4.872
86560    -0.04
86690    -2.54
86993    -5.046
87204    -0.048
87344    -2.87
87472    -2.968
87601    -2.778
87730    -2.718
87863    -2.732
87991    -2.916
88122    -3.688
88254    -4.192
88393    -4.234
88527    -4.222
88679    -4.284
88835    -4.268
88972    -4.196
89106    -4.226
89258    -8.396
89442    -0.074
89573    -4.3
89803    -8.46
89981    -0.064
90141    -4.21
90309    -8.674
90637    -4.784
90818    -0.076
90955    -4.536
91148    -4.652
91275    -4.644
91406    -4.582
91542    -4.628
91674    -4.614
91804    -4.566
91938    -4.626
92075    -4.614
92217    -4.61
92350    -4.63
92480    -4.566
92623    -4.602
92772    -9.414
93034    -0.162
93190    -4.834
93328    -4.784
93454    -4.778
93604    -4.826
93734    -4.81
93864    -4.936
93998    -4.904
94125    -4.906
94343    -10.158
94532    -0.086
94709    -5.104
94905    -10.102
95220    -5.454
95406    -0.086
95537    -5.036
95667    -5.1
95796    -5.058
95927    -5.112
96069    -5.158
96275    -5.204
96469    -5.178
96614    -5.092
96794    -10.474
96981    -0.084
97114    -5.23
97253    -5.256
97417    -5.186
97563    -5.198
97696    -5.242
97825    -5.328
97965    -5.25
98102    -5.43
98237    -5.368
98376    -5.334
98542    -5.43
98673    -5.316
98829    -10.856
99058    -0.09
99241    -5.46
99462    -10.948
99687    -5.62
99960    -5.54
100176    -5.736
100432    -5.546
100643    -5.724
100907    -5.552
101091    -0.092
101240    -11.186
101420    -0.096
101560    -5.566
101691    -5.53
101821    -5.592
101950    -5.536
102084    -5.498
102220    -5.622
102351    -5.604
102484    -5.81
102620    -5.65
102745    -5.712
103098    -11.838
103297    -0.096
103524    -11.618
103703    -0.198
103860    -11.664
104045    -0.102
104199    -11.674
104400    -6.14
104589    -0.092
104730    -6.022
104859    -5.938
104991    -5.962
105123    -6.014
105263    -6.142
105430    -12.036
105609    -0.104
105740    -6.08
105873    -6.098
106016    -6.092
106177    -12.024
106595    -6.466
106789    -0.21
106927    -6.15
107079    -12.266
107261    -0.108
107556    -12.612
107739    -0.206
107883    -6.092
108014    -6.194
108169    -12.512
108368    -0.102
108490    -6.136
108636    -6.162
108787    -6.148
108928    -6.268
109063    -6.088
109196    -6.176
109337    -6.238
109552    -12.41
109727    -0.196
109934    -6.242
110084    -6.328
110226    -6.242
110352    -6.208
110488    -6.278
110747    -12.732
110912    -0.218
111093    -12.546
111246    -0.102
111420    -12.692
111572    -0.104
111697    -6.316
111902    -6.328
112072    -6.324
112260    -6.25
112449    -6.354
112579    -6.324
112766    -6.442
112958    -6.238
113209    -12.87
113412    -0.104
113586    -6.472
113757    -6.288
113934    -6.44
114111    -6.414
114257    -12.742
114478    -6.634
114661    -0.106
114791    -6.502
114918    -6.376
115046    -6.336
115182    -6.356
115318    -6.444
115457    -6.412
115587    -6.382
115717    -6.488
115850    -6.532
115980    -6.42
116128    -6.434
116336    -6.466
116479    -6.544
116618    -6.378
116754    -6.588
116900    -6.538
117056    -13.02
117324    -7.022
117513    -0.106
117803    -13.692
117987    -0.212
118121    -6.588
118265    -6.616
118407    -6.744
118551    -6.59
118694    -6.68
118846    -6.624
118996    -13.072
119181    -0.22
119320    -6.652
119450    -6.686
119656    -6.59
119797    -6.6
119939    -6.672
120233    -13.764
120433    -0.114
120587    -6.798
120815    -13.744
120998    -0.112
121131    -6.652
121277    -13.802
121443    -0.234
121570    -6.79
121731    -13.836
121918    -0.116
122063    -6.922
122194    -6.766
122332    -6.914
122466    -6.874
122614    -13.686
122790    -0.118
123008    -13.788
123199    -0.114
123369    -6.894
123724    -14.28
123926    -6.924
124113    -0.108
124262    -13.826
124469    -0.12
124603    -6.988
124734    -6.8
124864    -6.938
125009    -13.902
125207    -7.078
125385    -0.12
125546    -6.928
125677    -7.094
125804    -6.852
125938    -7.038
126180    -14.302
126376    -0.112
126582    -7.034
126744    -14.236
126970    -7.196
127239    -7.538
127414    -0.118
127545    -7.154
127677    -7.01
127806    -7.086
127937    -7.128
128070    -7.21
128269    -14.312
128458    -0.116
134696    364.614
142591    -24.99
170722    -471.24
170936    -0.124
171081    -7.332
171211    -7.416
171344    -7.424
171488    -7.458
171634    -7.364
171785    -7.454
171934    -7.474
172086    -7.276
172226    -7.388
172438    -7.552
172579    -7.324
172727    -7.564
172863    -7.518
173002    -7.4
173130    -7.44
173291    -15.06
173488    -0.238
173616    -7.364
173745    -7.546
173875    -7.658
174028    -14.988
174298    -8.032
174482    -0.128
174618    -7.478
174765    -7.6
174919    -15.252
175132    -8.08
175321    -0.136
175487    -15.646
